189.3 700 0.11323453558 0.267567061602 845 
191.3 700 0.11323453558 0.267567061602 845 
191.8 700 0.120565361811 0.289932904563 829 
192.3 700 0.150338356673 0.324314601478 828 
192.8 700 0.148896674537 0.336293696881 838 
193.3 700 0.181148386615 0.342726588138 863 
193.8 700 0.204202456817 0.385238786976 880 
194.3 700 0.201729392575 0.400259745139 901 
194.8 700 0.232616748263 0.41444894126 928 
195.3 700 0.226738680742 0.425560905211 965 
195.8 700 0.250610441328 0.471892227689 1004 
196.25 700 0.270512960218 0.490735054168 1034  
198.25 700 0.270512960218 0.490735054168 1034 
189.3 1000 0.103092743405 0.295575362149 1112 
191.3 1000 0.103092743405 0.295575362149 1112 
191.8 1000 0.11282430907 0.318670491615 1088 
192.3 1000 0.141326321182 0.339212251612 1084 
192.8 1000 0.153975248129 0.366487762692 1093 
193.3 1000 0.178968307981 0.37879578681 1121 
193.8 1000 0.203395623965 0.401702222248 1137 
194.3 1000 0.199997940876 0.420166619255 1160 
194.8 1000 0.233659670321 0.432186003651 1190 
195.3 1000 0.239687134361 0.468114170664 1232 
195.8 1000 0.251149524516 0.492572784839 1278 
196.25 1000 0.272703265858 0.510314109881 1312  
198.25 1000 0.272703265858 0.510314109881 1312 
189.3 1350 0.0733664220206 0.317536051241 1790 
191.3 1350 0.0733664220206 0.317536051241 1790 
191.8 1350 0.121951402098 0.376901225058 1748 
192.3 1350 0.12147183927 0.404082966539 1734 
192.8 1350 0.164540700763 0.438922106398 1740 
193.3 1350 0.184892420072 0.44182358392 1777 
193.8 1350 0.202706130843 0.481344260528 1792 
194.3 1350 0.225987721026 0.503588345173 1821 
194.8 1350 0.250448699378 0.544368616416 1856 
195.3 1350 0.267676602167 0.562026350674 1914 
195.8 1350 0.274945507327 0.624072232295 1977 
196.25 1350 0.305744906985 0.645093616242 2024  
198.25 1350 0.305744906985 0.645093616242 2024 
189.3 1550 0.0807216944229 0.371742629624 2533 
191.3 1550 0.0807216944229 0.371742629624 2533 
191.8 1550 0.103347204506 0.416717005409 2468 
192.3 1550 0.138280286695 0.520610025249 2448 
192.8 1550 0.172339125326 0.528398374775 2449 
193.3 1550 0.201853676813 0.496576399563 2497 
193.8 1550 0.239208239846 0.624284492442 2512 
194.3 1550 0.251961072496 0.649905876306 2544 
194.8 1550 0.276545297642 0.673609533124 2589 
195.3 1550 0.301521077177 0.681356847313 2667 
195.8 1550 0.333754723775 0.762018840691 2752 
196.25 1550 0.374365735314 0.846727273835 2811  
198.25 1550 0.374365735314 0.846727273835 2811 
189.3 1690 0.0613474222285 0.444152852038 3337 
191.3 1690 0.0613474222285 0.444152852038 3337 
191.8 1690 0.133894264365 0.502710783542 3248 
192.3 1690 0.152334470056 0.65004872103 3217 
192.8 1690 0.186373865553 0.706042867337 3216 
193.3 1690 0.25547913159 0.584323190391 3278 
193.8 1690 0.272725335574 0.770357583472 3293 
194.3 1690 0.283321156741 0.759274012917 3334 
194.8 1690 0.315101230149 0.78744151672 3389 
195.3 1690 0.379228339485 0.782664456787 3491 
195.8 1690 0.416408000306 0.764283187002 3603 
196.25 1690 0.471364118824 0.733808585137 3683  
198.25 1690 0.471364118824 0.733808585137 3683 