191.3 31.77 61.988 57.112 22.42 18.25 891 1000 2225
191.35 29.72 56.505 81.174 18.86 39.4 861 1000 2231
191.4 30.9 81.229 75.776 39.1 32.89 885 1000 2250
191.45 31.94 75.902 70.276 34.1 28.22 882 1000 2263
191.5 29.71 70.544 64.863 31.46 25.37 864 1000 2265
191.55 30.75 65.116 59.292 25.84 20.47 862 1000 2275
191.6 31.99 59.624 83.169 19.94 39.53 888 1000 2289
191.65 29.74 54.135 77.837 17.36 36.3 851 1000 2287
191.7 30.95 78.863 72.399 37.18 30.59 876 1000 2301
191.75 31.99 73.496 66.929 32.09 24.8 876 1000 2312
191.8 29.77 68.13 61.456 29.22 22.76 856 1000 2308
191.85 30.75 62.67 55.863 23.7 17.78 860 1000 2314
191.9 32.0 57.204 79.829 18.31 36.24 877 1000 2328
191.95 29.9 81.816 74.397 40.52 32.91 854 1000 2329
192.0 31.0 76.483 69.057 35.18 28.24 867 1000 2335
192.05 31.98 71.099 63.536 30.14 23.09 879 1000 2345
192.1 29.79 65.753 57.979 26.94 19.88 850 1000 2338
192.15 30.98 60.284 81.82 21.4 38.72 867 1000 2348
192.2 32.03 54.774 76.477 16.2 33.95 871 1000 2359
192.25 29.97 79.406 71.074 38.57 29.71 857 1000 2353
192.3 31.01 74.094 65.608 33.23 24.7 863 1000 2364
192.35 32.05 68.74 60.076 27.86 20.21 883 1000 2370
192.4 29.83 63.332 54.543 25.06 17.14 848 1000 2363
192.45 31.05 57.852 78.525 19.43 35.81 869 1000 2373
192.5 32.22 82.308 73.078 39.61 30.35 881 1000 2382
192.55 30.01 77.052 67.612 36.27 27.14 862 1000 2375
192.6 31.05 71.737 62.214 31.23 21.96 865 1000 2384
192.65 32.1 66.341 56.667 25.62 16.87 882 1000 2392
192.7 30.03 60.923 80.522 22.25 38.01 853 1000 2385
192.75 31.12 55.447 75.103 17.11 33.18 871 1000 2391
192.8 32.25 80.002 69.703 37.72 27.49 888 1000 2400
192.85 30.08 74.628 64.221 34.37 24.37 864 1000 2394
192.9 31.1 69.301 58.725 29.26 19.51 872 1000 2402
192.95 32.32 63.916 82.421 23.6 38.41 889 1000 2409
193.0 30.07 58.499 77.133 20.29 35.18 860 1000 2401
193.05 31.29 82.854 71.715 40.57 29.28 881 1000 2409
193.1 32.32 77.579 66.305 34.74 24.38 897 1000 2415
193.15 30.15 72.292 60.817 32.04 21.5 864 1000 2408
193.2 31.16 66.916 55.338 26.82 17.16 881 1000 2414
193.25 32.33 61.541 79.101 21.43 35.42 893 1000 2423
193.3 30.15 56.069 73.719 18.98 32.68 872 1000 2411
193.35 31.33 80.488 68.313 38.21 26.71 885 1000 2420
193.4 32.39 75.206 62.877 33.19 21.43 905 1000 2426
193.45 30.19 69.855 57.385 29.97 18.77 869 1000 2415
193.5 31.39 64.48 81.04 24.52 37.7 895 1000 2424
193.55 32.42 59.076 75.717 18.79 32.71 901 1000 2428
193.6 30.35 83.354 70.315 41.64 29.09 887 1000 2423
193.65 31.37 78.08 64.911 36.17 23.76 892 1000 2428
193.7 32.47 72.821 59.439 31.29 19.15 911 1000 2437
193.75 30.37 67.459 83.014 27.51 40.3 883 1000 2430
193.8 31.44 62.091 77.69 22.71 34.37 900 1000 2435
193.85 32.46 56.71 72.302 17.71 29.7 913 1000 2442
193.9 30.4 80.974 66.958 40.02 25.97 891 1000 2435
193.95 31.41 75.712 61.503 34.19 21.5 905 1000 2439
194.0 29.27 70.384 56.047 31.38 18.86 877 1000 2431
194.05 30.45 65.103 79.657 25.71 37.2 895 1000 2437
194.1 31.49 59.732 74.339 20.62 32.34 906 1000 2444
194.15 29.29 54.249 68.97 18.04 29.06 880 1000 2436
194.2 30.47 78.605 63.545 37.13 23.0 898 1000 2442
194.25 31.52 73.31 58.055 31.97 19.18 919 1000 2446
194.3 29.46 68.055 81.609 28.72 39.67 889 1000 2441
194.35 30.49 62.697 76.334 23.72 34.09 907 1000 2447
194.4 31.53 57.261 70.936 18.48 28.89 915 1000 2453
194.45 29.48 81.485 65.519 40.69 25.97 900 1000 2445
194.5 30.52 76.216 60.139 35.46 20.48 908 1000 2452
194.55 31.57 70.886 54.664 30.15 16.08 929 1000 2458
194.6 29.49 65.602 78.215 26.64 36.32 897 1000 2449
194.65 30.55 60.263 72.928 21.54 31.52 918 1000 2455
194.7 31.59 54.84 67.529 17.05 26.23 929 1000 2459
194.75 29.53 79.112 62.216 38.81 23.26 911 1000 2454
194.8 30.54 73.83 56.716 33.45 18.17 921 1000 2458
194.85 31.72 68.538 80.171 27.54 36.87 943 1000 2465
194.9 29.57 63.191 74.893 25.24 33.92 910 1000 2457
194.95 30.6 57.845 69.497 19.46 28.45 928 1000 2463
195.0 31.73 81.916 64.159 39.59 23.47 952 1000 2469
195.05 29.59 76.675 58.693 36.72 20.41 919 1000 2462
195.1 30.72 71.425 82.047 30.83 39.16 940 1000 2466
195.15 31.79 66.118 76.821 25.54 33.78 954 1000 2473
195.2 29.59 60.792 71.467 22.91 30.8 926 1000 2463
195.25 30.65 55.422 66.135 17.93 25.93 939 1000 2466
195.3 31.78 79.504 60.742 37.52 20.65 967 1000 2475
195.35 29.63 74.341 55.254 34.42 18.18 931 1000 2464
195.4 30.77 69.013 78.715 28.77 36.12 956 1000 2471
195.45 31.8 63.683 73.432 23.45 30.45 967 1000 2477
195.5 29.63 58.371 68.097 21.26 28.49 941 1000 2469
195.55 30.77 82.313 62.736 41.16 22.04 959 1000 2474
195.6 31.82 77.143 57.295 35.48 17.9 981 1000 2480
195.65 29.77 71.899 80.66 31.61 38.06 949 1000 2473
195.7 30.82 66.645 75.414 26.75 33.2 970 1000 2476
195.75 31.83 61.283 70.085 21.53 28.02 984 1000 2484
195.8 29.69 55.925 64.677 19.0 25.25 955 1000 2472
195.85 30.8 79.917 59.287 38.78 20.06 975 1000 2479
195.9 31.98 74.765 82.505 32.65 38.11 1000 1000 2484
195.95 29.79 69.504 77.294 29.48 35.72 964 1000 2476
196.0 30.86 64.238 72.01 25.05 30.36 982 1000 2481
196.05 31.87 58.874 66.674 19.88 25.45 1002 1000 2485
196.1 29.85 82.746 61.311 41.61 22.05 975 1000 2477
196.15 30.86 77.631 55.837 36.16 17.07 993 999 2482
196.2 31.95 72.312 79.166 30.52 35.32 1012 1000 2490
