191.3 30.96 64.612 54.439 27.32 18.3 1106 1000 1911
191.35 32.15 59.138 78.054 21.64 38.17 1099 999 1937
191.4 30.08 83.585 72.733 45.51 33.87 1076 1000 1944
191.45 31.15 78.302 67.385 39.66 28.23 1083 1000 1965
191.5 32.21 72.99 61.942 33.51 23.16 1098 1000 1987
191.55 29.98 67.629 56.522 31.04 19.81 1079 1000 1991
191.6 31.17 62.205 79.979 24.51 40.47 1085 1000 2010
191.65 32.22 56.745 74.724 19.14 34.56 1094 1000 2030
191.7 30.19 81.242 69.389 43.1 30.56 1069 1000 2031
191.75 31.18 75.976 63.999 37.46 25.73 1078 1000 2051
191.8 32.27 70.62 58.592 31.77 20.15 1091 1000 2069
191.85 30.22 65.271 82.053 28.07 42.69 1067 1000 2067
191.9 31.23 59.778 76.71 22.48 37.18 1079 1000 2086
191.95 32.3 54.352 71.399 17.01 31.5 1095 1000 2105
192.0 30.26 78.921 66.078 40.83 28.14 1066 1000 2102
192.05 31.29 73.592 60.657 35.09 22.86 1081 1000 2118
192.1 29.1 68.217 55.199 31.75 19.77 1064 1000 2111
192.15 30.3 62.898 78.702 25.57 39.0 1071 1000 2129
192.2 31.33 57.424 73.436 20.74 33.62 1082 1000 2144
192.25 29.29 81.789 68.09 43.81 29.81 1058 1000 2142
192.3 30.34 76.528 62.702 38.43 24.51 1069 1000 2157
192.35 31.38 71.227 57.28 32.73 19.69 1087 1000 2171
192.4 29.32 65.852 80.663 28.97 42.14 1061 1000 2167
192.45 30.37 60.44 75.409 24.0 36.27 1078 1000 2175
192.5 31.43 55.051 70.061 18.52 30.57 1089 1000 2192
192.55 29.4 79.477 64.72 41.84 26.92 1067 1000 2187
192.6 30.43 74.208 59.337 36.27 22.14 1077 1000 2196
192.65 31.62 68.825 82.567 30.21 42.11 1088 1000 2213
192.7 29.43 63.489 77.334 26.73 38.38 1069 1000 2208
192.75 30.48 58.105 72.08 21.85 33.41 1086 1000 2218
192.8 31.61 82.317 66.712 42.58 27.3 1090 1000 2232
192.85 29.5 77.068 61.393 39.68 24.21 1074 1000 2225
192.9 30.51 71.758 55.944 33.94 18.65 1090 1000 2235
192.95 31.67 66.466 79.313 28.02 38.42 1097 1000 2249
193.0 29.54 61.044 74.025 24.53 35.48 1081 1000 2240
193.05 30.58 55.672 68.716 19.52 30.28 1097 999 2252
193.1 31.75 79.966 63.375 40.5 24.31 1105 1000 2264
193.15 29.58 74.713 57.985 37.62 21.32 1085 1000 2257
193.2 30.76 69.417 81.225 31.34 41.22 1096 1000 2270
193.25 31.79 64.094 76.037 25.33 35.83 1109 1000 2281
193.3 29.63 58.679 70.687 22.79 32.69 1096 1000 2272
193.35 30.81 82.822 65.39 44.31 26.34 1098 1000 2285
193.4 31.85 77.596 60.033 38.23 21.21 1120 1000 2294
193.45 29.69 72.336 54.634 35.01 18.16 1098 1000 2284
193.5 30.85 67.066 77.931 29.1 37.97 1111 1000 2295
193.55 31.89 61.645 72.647 23.21 32.38 1126 1000 2307
193.6 29.73 56.304 67.347 20.35 29.19 1110 1000 2294
193.65 30.87 80.452 62.032 41.67 24.02 1115 1000 2306
193.7 31.92 75.219 56.647 36.34 18.19 1134 1000 2319
193.75 29.91 69.974 79.839 32.5 40.4 1107 1000 2308
193.8 30.96 64.634 74.607 26.67 34.96 1126 1000 2317
193.85 31.95 59.303 69.354 21.18 29.97 1145 1000 2326
193.9 29.95 83.33 64.006 45.49 25.82 1115 1000 2317
193.95 30.95 78.07 58.666 39.23 20.59 1134 1000 2326
194.0 32.12 72.833 81.717 33.26 40.28 1144 1000 2339
194.05 29.98 67.573 76.529 30.14 37.42 1126 1000 2325
194.1 31.03 62.263 71.278 24.36 32.56 1143 1000 2336
194.15 32.07 56.83 65.937 19.33 26.32 1165 1000 2347
194.2 30.01 80.932 60.65 43.01 23.49 1132 1000 2333
194.25 31.06 75.744 55.291 36.77 18.09 1154 1000 2344
194.3 32.23 70.488 78.419 31.04 37.53 1164 1000 2356
194.35 30.07 65.185 73.216 28.25 33.92 1147 1000 2343
194.4 31.11 59.826 67.949 22.94 28.92 1163 1000 2351
194.45 32.16 54.481 62.63 17.23 24.03 1185 1000 2360
194.5 30.15 78.587 57.313 40.43 20.11 1152 1000 2350
194.55 31.29 73.393 80.291 34.26 39.66 1167 1000 2361
194.6 32.29 68.065 75.125 28.61 34.11 1185 1000 2369
194.65 30.16 62.815 69.916 26.05 31.2 1166 1000 2359
194.7 31.19 57.481 64.575 20.42 26.24 1185 1000 2365
194.75 29.16 81.444 59.295 44.12 22.51 1156 1000 2355
194.8 30.31 76.227 82.212 37.29 42.22 1166 1000 2365
194.85 31.36 71.011 77.035 31.9 36.7 1188 1000 2377
194.9 29.2 65.711 71.845 29.2 33.81 1167 1000 2365
194.95 30.25 60.445 66.552 23.69 29.18 1186 1000 2369
195.0 31.28 55.056 61.266 18.25 22.81 1210 1000 2378
195.05 29.22 79.055 55.94 41.67 19.17 1177 1001 2370
195.1 30.37 73.821 78.92 35.44 39.19 1191 1000 2375
195.15 31.37 68.563 73.724 29.83 34.05 1210 1000 2384
195.2 29.28 63.35 68.461 26.84 30.48 1191 1000 2374
195.25 30.29 57.961 63.203 21.9 25.51 1210 1000 2381
195.3 31.42 81.847 57.886 42.53 19.58 1223 1000 2392
195.35 29.4 76.683 80.796 38.9 41.62 1192 1000 2379
195.4 30.43 71.521 75.589 33.16 35.91 1216 1000 2387
195.45 31.44 66.216 70.434 27.72 30.73 1235 1000 2394
195.5 29.35 60.915 65.139 25.42 27.86 1215 1000 2384
195.55 30.38 55.607 59.851 20.01 22.73 1234 1000 2389
195.6 31.59 79.511 82.64 40.04 41.16 1241 1000 2399
195.65 29.46 74.327 77.499 36.48 38.59 1217 1000 2390
195.7 30.51 69.096 72.315 30.9 33.01 1241 1000 2396
195.75 31.54 63.82 67.147 25.69 27.49 1263 1000 2404
195.8 29.41 58.571 61.813 22.8 25.05 1241 1000 2391
195.85 30.53 82.289 56.48 43.88 18.95 1253 1000 2398
195.9 31.64 77.158 79.348 37.4 38.42 1266 1000 2407
195.95 29.51 71.947 74.187 34.81 35.21 1243 1000 2396
196.0 30.53 66.646 69.002 29.21 29.95 1267 1000 2402
196.05 31.58 61.411 63.737 23.67 24.92 1292 1000 2412
196.1 29.48 56.143 58.451 20.88 22.26 1267 1000 2396
196.15 30.65 79.929 81.243 40.85 40.8 1273 1000 2406
196.2 31.65 74.739 76.092 35.05 35.64 1295 1000 2417
