186.35 30.89 74.866 82.603 36.09 46.6 1622 1000 2210
186.4 28.68 69.312 77.153 32.46 43.19 1593 1000 2214
186.45 29.76 63.78 71.637 27.14 36.71 1587 1000 2234
186.5 30.8 58.097 66.086 21.05 30.32 1625 1000 2251
186.55 28.7 83.467 60.494 46.9 26.15 1605 1000 2252
186.6 29.8 78.026 54.879 41.07 20.46 1614 1000 2272
186.65 31.08 72.45 79.228 33.24 43.07 1605 1000 2293
186.7 28.88 66.906 73.791 30.31 39.3 1578 1000 2291
186.75 29.89 61.296 68.269 25.21 33.02 1602 1000 2306
186.8 30.96 55.623 62.711 19.0 27.32 1630 1000 2321
186.85 28.86 81.118 57.066 44.38 23.21 1602 1000 2317
186.9 30.19 75.603 81.39 37.55 45.98 1597 1000 2335
186.95 27.95 70.112 75.927 33.86 42.26 1563 1000 2333
187.0 29.02 64.54 70.415 28.12 35.81 1584 1000 2345
187.05 30.07 58.928 64.902 22.32 29.69 1618 1000 2358
187.1 27.96 84.16 59.298 47.7 26.13 1590 1000 2356
187.15 29.26 78.734 83.372 40.91 48.92 1591 1000 2371
187.2 30.38 73.25 77.985 34.89 42.26 1590 1000 2381
187.25 28.14 67.695 72.539 31.62 38.05 1570 1000 2378
187.3 29.17 62.172 67.029 26.21 32.66 1599 1000 2387
187.35 30.25 56.485 61.449 20.27 26.42 1615 1000 2400
187.4 28.18 81.775 55.876 45.36 22.11 1574 1000 2396
187.45 29.46 76.35 80.086 38.3 45.1 1585 1000 2406
187.5 30.49 70.818 74.638 32.28 38.53 1607 1000 2418
187.55 28.27 65.268 69.197 29.13 35.1 1591 1000 2412
187.6 29.31 59.703 63.64 23.45 28.65 1605 1000 2421
187.65 30.46 54.075 58.042 18.39 22.79 1601 1000 2431
187.7 28.52 79.428 82.166 42.21 48.17 1573 1000 2426
187.75 29.59 73.982 76.743 36.33 41.58 1598 1000 2437
187.8 30.6 68.439 71.24 30.28 34.93 1629 1000 2446
187.85 28.41 62.893 65.745 27.19 31.66 1599 1000 2438
187.9 29.53 57.326 60.22 21.5 25.61 1600 1000 2447
187.95 30.77 82.444 54.656 43.96 19.25 1603 1000 2457
188.0 28.68 77.035 78.894 39.44 43.79 1586 1000 2450
188.05 29.74 71.577 73.397 33.97 37.95 1614 1000 2459
188.1 30.81 66.003 67.882 28.39 31.6 1634 1000 2467
188.15 28.61 60.483 62.4 24.94 28.87 1590 1000 2460
188.2 29.74 54.827 56.871 19.21 22.64 1599 1000 2467
188.25 31.06 80.108 80.853 40.91 44.15 1628 1000 2478
188.3 28.82 74.658 75.487 37.16 40.65 1610 1000 2471
188.35 29.89 69.097 69.964 31.19 34.2 1624 1000 2478
188.4 31.01 63.632 64.435 25.87 28.5 1628 1000 2489
188.45 28.81 58.078 58.996 23.11 24.95 1590 1000 2476
188.5 30.15 83.149 82.875 44.36 47.02 1626 1000 2486
188.55 27.94 77.727 77.537 41.31 43.67 1595 1000 2479
188.6 28.98 72.285 72.046 34.75 37.18 1623 1000 2486
188.65 30.08 66.761 66.577 29.42 30.98 1625 1000 2494
188.7 27.91 61.289 61.12 26.51 27.89 1590 1000 2485
188.75 28.97 55.686 55.595 21.69 22.0 1606 1000 2493
188.8 30.28 80.806 79.601 42.43 43.9 1645 1000 2501
188.85 28.06 75.308 74.179 38.57 40.43 1616 1000 2491
188.9 29.14 69.828 68.695 32.79 34.23 1620 1000 2501
188.95 30.25 64.362 63.264 27.25 27.7 1631 1000 2506
189.0 28.08 58.804 57.714 24.01 24.79 1596 1000 2497
189.05 29.35 83.714 81.57 45.59 46.61 1640 1000 2508
189.1 30.44 78.338 76.208 39.72 39.7 1654 1000 2515
189.15 28.2 72.957 70.775 36.15 37.0 1624 1000 2507
189.2 29.35 67.487 65.351 30.19 30.91 1621 1000 2512
189.25 30.41 61.942 59.821 25.45 24.04 1650 1000 2520
189.3 28.21 56.412 54.299 22.12 21.29 1617 1000 2510
189.35 29.5 81.348 78.212 43.51 42.86 1657 1000 2518
189.4 30.55 75.958 72.876 37.13 36.48 1659 1000 2528
189.45 28.4 70.545 67.407 34.26 33.17 1627 1000 2517
189.5 29.48 65.03 61.933 27.69 26.97 1640 1000 2522
189.55 30.51 59.532 56.412 22.98 21.24 1670 1000 2531
189.6 28.43 53.976 80.262 19.63 46.15 1644 1000 2522
189.65 29.66 79.003 74.932 40.49 39.35 1661 1000 2527
189.7 30.75 73.613 69.475 35.51 32.97 1671 1000 2535
189.75 28.56 68.153 64.062 31.96 30.11 1636 1000 2525
189.8 29.61 62.611 58.55 26.32 24.17 1667 1000 2530
189.85 30.8 57.12 82.277 19.97 46.5 1691 999 2538
189.9 28.71 81.929 76.969 44.77 42.19 1660 1000 2532
189.95 29.82 76.576 71.534 38.52 35.61 1664 1000 2537
190.0 30.88 71.187 66.139 32.62 29.92 1694 1000 2548
190.05 28.71 65.752 60.666 29.81 27.11 1655 1000 2535
190.1 29.73 60.262 55.192 23.78 20.82 1686 1000 2540
190.15 30.92 54.695 78.965 17.25 42.71 1698 1000 2546
190.2 28.87 79.605 73.568 42.45 38.8 1669 1000 2537
190.25 29.95 74.151 68.144 35.85 32.15 1682 1000 2545
190.3 31.0 68.79 62.733 29.88 26.03 1717 1000 2553
190.35 28.81 63.324 57.253 27.65 23.33 1677 1000 2542
190.4 30.01 57.85 80.913 20.9 45.88 1702 999 2548
190.45 27.93 82.487 75.586 45.27 41.2 1662 1000 2541
190.5 29.04 77.202 70.249 39.53 35.18 1683 1000 2547
190.55 30.05 71.746 64.778 33.41 29.27 1709 1000 2553
190.6 27.9 66.361 59.371 30.68 26.4 1677 1000 2544
190.65 29.06 60.895 82.895 24.28 48.67 1700 1000 2549
190.7 30.14 55.335 77.61 18.83 42.22 1710 1000 2556
190.75 28.05 80.171 72.258 43.21 38.42 1679 1000 2547
190.8 29.12 74.795 66.828 37.67 31.45 1703 1000 2554
190.85 30.14 69.429 61.403 31.66 26.21 1732 1000 2560
190.9 28.04 63.957 55.986 28.44 23.01 1689 1000 2551
190.95 29.22 58.527 79.604 22.53 44.79 1714 1000 2557
191.0 30.32 83.066 74.231 44.23 38.08 1733 1000 2565
191.05 28.18 77.792 68.862 40.85 34.53 1704 1000 2555
191.1 29.24 72.389 63.457 35.03 28.73 1723 999 2558
