189.3 700 0.129486645505 0.363062440065 669 
191.3 700 0.129486645505 0.363062440065 669 
191.8 700 0.165866894305 0.380616866315 659 
192.3 700 0.175879845786 0.424477142708 658 
192.8 700 0.171564987705 0.388615194096 670 
193.3 700 0.199810088367 0.391583354208 682 
193.8 700 0.210171172578 0.482526835734 695 
194.3 700 0.212612291531 0.462960984533 711 
194.8 700 0.227077148302 0.465520774399 731 
195.3 700 0.227118709018 0.495283012556 757 
195.8 700 0.247416605216 0.508299561224 775 
196.25 700 0.263927929965 0.516538723385 805  
198.25 700 0.263927929965 0.516538723385 805 
189.3 1000 0.156355876784 0.41409041333 894 
191.3 1000 0.156355876784 0.41409041333 894 
191.8 1000 0.179891449268 0.410411279435 879 
192.3 1000 0.190859305925 0.460769721769 875 
192.8 1000 0.18484891154 0.438414529609 885 
193.3 1000 0.21490708674 0.418618231293 896 
193.8 1000 0.243151900851 0.518676405786 908 
194.3 1000 0.230928203697 0.523877312597 922 
194.8 1000 0.243768463299 0.49826861401 944 
195.3 1000 0.259413115058 0.559487719156 971 
195.8 1000 0.266951362583 0.541191910128 989 
196.25 1000 0.281155754713 0.597133723318 1019  
198.25 1000 0.281155754713 0.597133723318 1019 
189.3 1350 0.216522629513 0.482845971858 1462 
191.3 1350 0.216522629513 0.482845971858 1462 
191.8 1350 0.219002039941 0.535744060578 1433 
192.3 1350 0.230069169333 0.592032461502 1420 
192.8 1350 0.259101642768 0.547026680781 1428 
193.3 1350 0.2549202718 0.490302404986 1435 
193.8 1350 0.295679813327 0.610694819013 1445 
194.3 1350 0.292519943168 0.672079328896 1457 
194.8 1350 0.291972243078 0.591011998681 1479 
195.3 1350 0.334822729153 0.707317221919 1510 
195.8 1350 0.329190112065 0.670706497741 1526 
196.25 1350 0.352452427162 0.728506327755 1563  
198.25 1350 0.352452427162 0.728506327755 1563 
189.3 1550 0.246446884907 0.563894990129 2077 
191.3 1550 0.246446884907 0.563894990129 2077 
191.8 1550 0.302256011407 0.724506820935 2031 
192.3 1550 0.29280595771 0.77022847526 2005 
192.8 1550 0.295931807471 0.699207720074 2014 
193.3 1550 0.32416537161 0.609245788137 2019 
193.8 1550 0.354426275376 0.773134559208 2024 
194.3 1550 0.363387948898 0.846161930873 2035 
194.8 1550 0.357132149939 0.736694730203 2059 
195.3 1550 0.391536973735 0.811589358072 2095 
195.8 1550 0.40623003229 0.770582431752 2110 
196.25 1550 0.406921090631 0.834730729624 2155  
198.25 1550 0.406921090631 0.834730729624 2155 
189.3 1700 0.318432755699 0.694000376497 2788 
191.3 1700 0.318432755699 0.694000376497 2788 
191.8 1700 0.391197748936 0.939339146467 2722 
192.3 1700 0.362332996698 0.983173688142 2686 
192.8 1700 0.378059939343 0.939631087199 2691 
193.3 1700 0.422942913519 0.712569830876 2694 
193.8 1700 0.438828289191 1.05903481905 2696 
194.3 1700 0.452113202715 1.15398956141 2702 
194.8 1700 0.436584387112 0.903604740711 2730 
195.3 1700 0.486117973355 1.08685942996 2773 
195.8 1700 0.50265975024 0.947833210775 2786 
196.25 1700 0.53836121926 1.21175416731 2840  
198.25 1700 0.53836121926 1.21175416731 2840 
189.3 1800 0.441301498906 0.836841055854 3447 
191.3 1800 0.441301498906 0.836841055854 3447 
191.8 1800 0.482620069483 0.917142837041 3365 
192.3 1800 0.446075200188 1.07160843232 3315 
192.8 1800 0.44869878399 1.02821753184 3320 
193.3 1800 0.495685255877 0.85387266063 3319 
193.8 1800 0.551452410858 1.04137099619 3318 
194.3 1800 0.520207934198 1.08107276266 3324 
194.8 1800 0.527091265062 1.12511903899 3355 
195.3 1800 0.630260520612 1.04383622249 3402 
195.8 1800 0.570830264376 1.05389591362 3417 
196.25 1800 0.599801332192 1.06180725748 3480  
198.25 1800 0.599801332192 1.06180725748 3480 