184.35 700 0.193435131254 0.495989228012 1368 
186.35 700 0.193435131254 0.495989228012 1368 
186.85 700 0.209330452508 0.431273504457 1369 
187.35 700 0.231361389452 0.437925677915 1371 
187.85 700 0.224925639896 0.497251526956 1380 
188.35 700 0.254612938121 0.510916506379 1396 
188.85 700 0.295497180348 0.550349593853 1420 
189.35 700 0.291783196384 0.536828680089 1442 
189.85 700 0.292622562527 0.576450444993 1458 
190.35 700 0.285991379517 0.590524368616 1480 
190.85 700 0.332825630858 0.609600487545 1512 
191.1 700 0.314264355504 0.667119192685 1522  
193.1 700 0.314264355504 0.667119192685 1522 
184.35 1000 0.214673739902 0.546526623464 1637 
186.35 1000 0.214673739902 0.546526623464 1637 
186.85 1000 0.227796365665 0.466869451276 1633 
187.35 1000 0.25437877425 0.481056944909 1632 
187.85 1000 0.273420211248 0.572074250366 1639 
188.35 1000 0.271328474159 0.551711549952 1654 
188.85 1000 0.320641411126 0.592637546556 1678 
189.35 1000 0.312569084879 0.622322585394 1699 
189.85 1000 0.313758486693 0.601414949387 1714 
190.35 1000 0.322770251129 0.67256710109 1736 
190.85 1000 0.355876864637 0.697241172375 1767 
191.1 1000 0.331256774644 0.713961220348 1776  
193.1 1000 0.331256774644 0.713961220348 1776 
184.35 1350 0.271634595311 0.705314179741 2312 
186.35 1350 0.271634595311 0.705314179741 2312 
186.85 1350 0.316971412418 0.614799422677 2304 
187.35 1350 0.308464912005 0.61046493065 2294 
187.85 1350 0.335851968567 0.74754935121 2297 
188.35 1350 0.372131570852 0.757441403732 2307 
188.85 1350 0.37734918169 0.740922427623 2333 
189.35 1350 0.42522516633 0.855787174894 2353 
189.85 1350 0.370476205179 0.680560767369 2364 
190.35 1350 0.414085015477 0.788394531626 2382 
190.85 1350 0.431391385934 0.941139380917 2417 
191.1 1350 0.434905777957 0.959842765318 2424  
193.1 1350 0.434905777957 0.959842765318 2424 
184.35 1550 0.368745236797 0.994026516322 3058 
186.35 1550 0.368745236797 0.994026516322 3058 
186.85 1550 0.38505592456 0.763583392274 3042 
187.35 1550 0.432170466632 0.61086180357 3023 
187.85 1550 0.443753534115 0.966713327962 3020 
188.35 1550 0.439366843925 0.953276623934 3028 
188.85 1550 0.519461000555 0.93961335155 3057 
189.35 1550 0.515114084546 1.17292206269 3075 
189.85 1550 0.494309827893 0.845948157188 3081 
190.35 1550 0.486512681887 0.995327232361 3100 
190.85 1550 0.545316488246 1.20944795534 3138 
191.1 1550 0.528781452652 1.32574657547 3142  
193.1 1550 0.528781452652 1.32574657547 3142 