186.35 31.03 55.394 64.546 17.0 27.07 1110 1000
186.4 28.92 81.308 58.884 39.61 23.07 1092 1000
186.45 30.17 75.674 83.532 33.21 44.25 1090 1000
186.5 31.3 70.055 78.008 27.63 38.59 1104 1000
186.55 29.04 64.365 72.415 25.08 35.0 1091 1000
186.6 30.18 58.736 66.816 19.86 29.3 1100 1000
186.65 31.4 84.376 61.084 40.41 22.87 1094 1000
186.7 29.2 78.874 55.414 37.63 19.35 1091 1000
186.75 30.43 73.255 80.114 31.7 40.87 1087 1000
186.8 31.58 67.649 74.532 25.66 34.89 1096 1000
186.85 29.37 61.964 68.998 23.1 32.14 1085 1000
186.9 30.45 56.248 63.339 17.87 26.14 1097 1000
186.95 31.7 82.05 57.657 38.19 19.54 1099 1000
187.0 29.65 76.459 82.241 33.78 43.99 1078 1000
187.05 30.77 70.875 76.789 29.22 37.66 1086 1000
187.1 31.87 65.179 71.149 24.25 31.97 1095 1000
187.15 29.65 59.54 65.547 20.73 28.65 1088 1000
187.2 30.74 53.824 59.881 15.46 23.38 1101 1000
187.25 32.03 79.599 54.196 35.38 16.68 1101 1000
187.3 29.95 74.086 78.845 32.72 40.2 1075 1000
187.35 31.04 68.467 73.303 26.95 34.37 1089 1000
187.4 32.17 62.818 67.754 21.46 28.64 1103 1000
187.45 29.93 57.124 62.12 18.89 25.59 1096 1000
187.5 31.17 82.755 56.456 39.15 19.0 1089 1000
187.55 29.11 77.207 81.0 35.43 42.66 1068 1000
187.6 30.23 71.68 75.487 30.26 36.97 1080 1000
187.65 31.36 66.026 69.921 24.9 31.19 1099 1000
187.7 29.13 60.447 64.363 21.53 27.72 1085 1000
187.75 30.25 54.66 58.685 16.49 22.24 1097 1000
187.8 31.64 80.378 83.147 36.31 43.23 1084 1000
187.85 29.43 74.889 77.594 33.63 39.3 1075 1000
187.9 30.54 69.279 72.076 27.91 33.28 1089 1000
187.95 31.67 63.642 66.494 22.52 27.59 1104 1000
188.0 29.45 57.966 60.898 19.75 24.4 1089 1000
188.05 30.68 83.465 55.198 39.72 18.57 1090 1000
188.1 31.93 77.952 79.767 34.27 39.29 1096 1000
188.15 29.72 72.41 74.256 31.3 36.09 1084 1000
188.2 30.83 66.783 68.658 25.51 29.67 1098 1000
188.25 31.99 61.223 63.085 20.77 24.5 1109 1000
188.3 29.74 55.483 57.373 18.05 21.41 1095 1000
188.35 31.08 81.074 81.772 37.64 41.58 1091 1000
188.4 32.24 75.593 76.345 31.78 36.02 1110 1000
188.45 30.03 70.046 70.816 28.95 33.29 1091 1000
188.5 31.15 64.472 65.217 23.53 27.43 1105 1000
188.55 32.24 58.744 59.569 18.18 21.46 1120 1000
188.6 30.15 84.102 53.958 40.96 16.94 1097 1000
188.65 31.42 78.679 78.435 35.09 38.48 1102 1000
188.7 29.21 73.186 72.92 32.11 35.2 1087 1000
188.75 30.34 67.548 67.42 26.97 29.5 1099 1000
188.8 31.47 61.962 61.813 22.2 23.59 1119 1000
188.85 29.26 56.354 56.201 18.81 20.59 1101 1000
188.9 30.58 81.771 80.531 37.89 40.85 1098 1000
188.95 31.74 76.26 75.071 32.98 35.2 1111 1000
189.0 29.51 70.696 69.497 30.01 31.83 1096 1000
189.05 30.67 65.199 64.006 24.83 26.18 1111 1000
189.1 31.76 59.514 58.395 19.91 20.58 1132 1000
189.15 29.66 53.897 82.59 16.12 44.48 1103 1000
189.2 30.91 79.365 77.134 36.14 37.17 1108 1000
189.25 32.01 73.883 71.677 30.31 32.15 1124 1000
189.3 29.83 68.322 66.117 27.35 28.68 1109 1000
189.35 30.93 62.742 60.573 22.28 22.72 1127 1000
189.4 32.09 57.079 54.927 17.82 17.76 1143 1000
189.45 30.08 82.388 79.255 39.52 40.11 1101 1000
189.5 31.2 76.961 73.76 33.92 34.87 1120 1000
189.55 32.3 71.426 68.237 28.42 28.65 1142 1000
189.6 30.12 65.905 62.775 25.57 25.44 1123 1000
189.65 31.24 60.303 57.109 20.91 19.91 1139 1000
189.7 29.14 54.671 81.269 16.89 43.72 1109 1000
189.75 30.39 79.997 75.814 36.59 37.02 1116 1000
189.8 31.51 74.538 70.387 31.38 30.95 1136 1000
189.85 29.3 69.009 64.776 28.13 28.14 1119 1000
189.9 30.44 63.459 59.306 23.49 21.85 1133 1000
189.95 31.65 57.878 83.255 18.17 43.49 1143 1000
190.0 29.55 83.067 77.918 39.92 39.07 1111 1000
190.05 30.67 77.605 72.432 34.85 33.54 1134 1000
190.1 31.79 72.088 66.951 29.16 28.28 1149 1000
190.15 29.6 66.606 61.448 26.79 24.28 1132 1000
190.2 30.76 61.046 55.831 21.22 18.8 1145 1000
190.25 31.93 55.438 79.931 15.56 40.23 1161 1000
190.3 29.82 80.654 74.514 37.89 35.96 1128 1000
190.35 30.97 75.203 69.095 32.37 29.83 1149 1000
190.4 32.04 69.734 63.515 27.67 24.31 1163 1000
190.45 29.91 64.206 57.978 24.39 21.54 1143 1000
190.5 31.1 58.616 82.011 18.94 42.65 1154 1000
190.55 32.29 83.646 76.532 38.91 35.94 1167 1000
190.6 30.14 78.248 71.127 35.99 32.86 1142 1000
190.65 31.23 72.795 65.643 30.33 27.49 1160 1000
190.7 32.33 67.258 60.126 25.71 21.32 1181 1000
190.75 30.19 61.736 54.453 22.5 18.49 1161 1000
190.8 31.36 56.159 78.59 16.57 39.49 1172 1000
190.85 29.29 81.255 73.163 38.97 35.28 1140 1000
190.9 30.43 75.813 67.697 33.42 29.59 1156 1000
190.95 31.56 70.365 62.205 27.84 24.06 1177 1000
191.0 29.35 64.845 56.665 25.02 20.95 1157 1000
191.05 30.56 59.299 80.595 20.11 42.2 1169 1000
191.1 31.66 53.711 75.215 15.03 35.96 1188 1000
