191.5 30.43 82.359 76.089 44.42 38.73 1112 1000 2681
191.55 31.48 77.021 70.722 38.65 32.92 1131 1000 2681
191.6 29.27 71.66 65.321 35.09 29.57 1102 1000 2671
191.65 30.32 66.251 59.86 29.64 23.91 1122 1000 2667
191.7 31.36 60.82 54.381 23.68 18.36 1136 1000 2668
191.75 29.35 55.339 78.114 19.95 42.52 1112 1000 2665
191.8 30.48 79.971 72.778 42.15 35.61 1124 1000 2670
191.85 31.57 74.65 67.386 36.36 29.51 1142 1000 2667
191.9 29.41 69.282 61.937 32.65 26.66 1117 1000 2664
191.95 30.45 63.857 56.531 27.31 20.72 1134 1000 2660
192.0 31.63 58.464 80.049 20.71 42.27 1149 1000 2667
192.05 29.63 82.911 74.812 45.63 38.18 1125 1000 2668
192.1 30.64 77.62 69.399 39.73 32.11 1142 1000 2667
192.15 31.72 72.297 64.011 33.82 26.28 1156 1000 2665
192.2 29.53 66.945 58.614 30.47 22.93 1134 1000 2661
192.25 30.73 61.518 82.085 24.07 44.67 1147 1000 2663
192.3 31.77 56.059 76.801 18.82 39.35 1168 1000 2665
192.35 29.75 80.568 71.489 43.44 34.66 1139 1000 2663
192.4 30.77 75.265 66.097 37.23 28.79 1160 1000 2663
192.45 31.84 69.959 60.688 31.64 23.29 1174 1000 2665
192.5 29.7 64.547 55.254 28.14 20.32 1152 1000 2657
192.55 30.85 59.137 78.776 22.03 42.02 1165 1000 2657
192.6 32.03 83.489 73.49 44.73 34.83 1188 1000 2666
192.65 29.87 78.226 68.117 40.95 31.38 1156 1000 2657
192.7 30.92 72.916 62.736 35.11 25.27 1177 1000 2653
192.75 31.93 67.581 57.318 29.4 20.21 1193 1000 2652
192.8 29.94 62.148 80.796 25.5 44.51 1170 1000 2648
192.85 30.99 56.747 75.489 20.14 38.28 1185 1000 2646
192.9 32.16 81.126 70.142 41.94 31.92 1205 1000 2654
192.95 30.0 75.843 64.77 38.93 28.19 1176 1000 2649
193.0 31.03 70.542 59.427 32.76 22.83 1195 1000 2649
193.05 29.03 65.164 82.755 28.68 47.02 1169 1000 2648
193.1 30.07 59.785 77.483 23.12 41.12 1187 1000 2647
193.15 31.11 54.408 72.136 17.45 34.88 1207 1000 2647
193.2 29.1 78.832 66.871 42.1 30.95 1178 1000 2650
193.25 30.12 73.477 61.469 36.49 25.24 1200 1000 2648
193.3 31.2 68.221 56.044 31.0 19.72 1216 1000 2653
193.35 29.15 62.833 79.44 27.01 43.93 1191 1000 2652
193.4 30.2 57.418 74.158 21.18 37.5 1204 1000 2651
193.45 31.34 81.693 68.851 43.0 30.77 1231 1000 2659
193.5 29.22 76.46 63.46 40.02 27.51 1199 1000 2657
193.55 30.26 71.124 58.094 33.84 21.86 1223 1000 2650
193.6 31.41 65.81 81.389 27.63 43.43 1236 1000 2656
193.65 29.28 60.428 76.171 24.65 40.34 1211 1000 2652
193.7 30.31 55.007 70.852 19.12 34.24 1228 1000 2651
193.75 31.48 79.333 65.492 40.87 28.04 1255 1000 2654
193.8 29.35 74.062 60.15 37.6 24.41 1221 1000 2642
193.85 30.4 68.76 54.739 31.9 19.68 1244 1000 2639
193.9 31.53 63.436 78.047 25.32 40.67 1262 1000 2640
193.95 29.42 58.052 72.836 22.58 37.01 1235 1000 2637
194.0 30.56 82.191 67.52 44.58 30.31 1255 1000 2639
194.05 31.6 76.987 62.123 38.76 24.89 1274 1000 2637
194.1 29.49 71.702 56.787 35.21 21.74 1245 1000 2633
194.15 30.62 66.404 80.023 28.69 42.77 1265 1000 2638
194.2 31.7 61.08 74.797 23.44 36.67 1289 1000 2639
194.25 29.54 55.645 69.516 20.22 33.64 1257 1000 2634
194.3 30.65 79.864 64.225 41.83 27.29 1279 1000 2636
194.35 31.73 74.615 58.804 36.47 21.76 1296 1000 2638
194.4 29.7 69.384 81.954 32.48 45.6 1270 1000 2633
194.45 30.72 64.035 76.738 26.55 39.67 1290 1000 2628
194.5 31.74 58.634 71.47 21.15 34.35 1315 1000 2634
194.55 29.75 82.732 66.163 45.9 29.94 1278 1000 2628
194.6 30.78 77.517 60.82 40.0 24.21 1305 1000 2631
194.65 31.8 72.252 55.432 34.08 18.37 1324 1000 2633
194.7 29.8 66.984 78.682 30.14 42.19 1297 1000 2630
194.75 30.83 61.647 73.426 24.16 36.02 1315 1000 2631
194.8 31.87 56.316 68.199 19.13 30.49 1339 1000 2634
194.85 29.87 80.334 62.833 43.56 26.33 1304 1000 2633
194.9 30.9 75.16 57.494 37.14 20.93 1331 1000 2633
194.95 31.99 69.882 80.549 30.53 42.25 1353 1000 2640
195.0 29.93 64.563 75.385 27.99 38.95 1321 1000 2632
195.05 30.9 59.252 70.095 21.85 33.2 1340 1000 2632
195.1 32.06 83.179 64.832 44.52 26.52 1367 1000 2636
195.15 29.91 78.007 59.477 41.04 23.61 1333 1000 2627
195.2 31.09 72.753 82.497 34.47 45.27 1357 1000 2630
195.25 28.99 67.539 77.311 31.29 41.49 1322 1000 2624
195.3 30.03 62.178 72.108 25.88 35.7 1344 1000 2619
195.35 31.04 56.836 66.767 20.46 29.89 1372 1000 2617
195.4 29.04 80.821 61.488 45.06 26.11 1338 1000 2615
195.45 30.05 75.621 56.09 38.77 19.95 1363 1000 2612
195.5 31.19 70.383 79.191 32.26 41.44 1381 1000 2617
195.55 29.09 65.151 74.019 28.75 38.58 1351 1000 2614
195.6 30.12 59.801 68.756 23.63 32.72 1372 1000 2608
195.65 31.11 54.461 63.474 17.98 26.84 1402 1000 2610
195.7 29.13 78.499 58.198 42.5 23.0 1363 1000 2611
195.75 30.25 73.261 81.107 35.68 44.74 1390 1000 2615
195.8 31.25 68.016 75.927 29.86 38.68 1410 1000 2614
195.85 29.17 62.755 70.678 26.94 34.9 1381 1000 2607
195.9 30.2 57.402 65.49 21.4 28.98 1401 1000 2600
195.95 31.29 81.261 60.126 42.85 22.91 1429 1000 2608
196.0 29.21 76.097 54.79 39.49 19.85 1390 1000 2602
196.05 30.32 70.894 77.798 33.16 40.91 1419 1000 2603
196.1 31.3 65.631 72.629 27.46 35.23 1443 1000 2603
196.15 29.28 60.393 67.392 24.88 31.71 1409 1000 2596
196.2 30.25 55.07 62.087 19.97 26.14 1431 1000 2594
196.25 31.33 78.939 56.768 40.38 19.75 1457 1000 2597