184.35 1000 0.00397294074652 0.262742577745 1115 
186.35 1000 0.00397294074652 0.262742577745 1115 
186.85 1000 0.0351968131607 0.258353454997 1103 
187.35 1000 0.0939340562158 0.29368521144 1097 
187.85 1000 0.106875390416 0.304236333561 1097 
188.35 1000 0.151520553556 0.357270752973 1100 
188.85 1000 0.13701418181 0.343941392411 1129 
189.35 1000 0.182927582053 0.384866787369 1138 
189.85 1000 0.191070611483 0.413667896312 1148 
190.35 1000 0.225636970234 0.436658123546 1162 
190.85 1000 0.230029117445 0.471188618535 1173 
191.1 1000 0.24857429829 0.453447049244 1194  
193.1 1000 0.24857429829 0.453447049244 1194 
184.35 1350 -0.0611586092458 0.308742050755 1882 
186.35 1350 -0.0611586092458 0.308742050755 1882 
186.85 1350 0.0167363845239 0.329022896503 1869 
187.35 1350 0.0512682999853 0.373994584876 1859 
187.85 1350 0.118139521749 0.382152474387 1857 
188.35 1350 0.135587182195 0.441409147486 1855 
188.85 1350 0.151658503808 0.413939778603 1891 
189.35 1350 0.166207805472 0.473343325221 1895 
189.85 1350 0.238316187661 0.506367968102 1894 
190.35 1350 0.235780153224 0.541078695579 1898 
190.85 1350 0.277570316777 0.594168404775 1895 
191.1 1350 0.263758436538 0.532949865679 1918  
193.1 1350 0.263758436538 0.532949865679 1918 
184.35 1550 -0.0903370514249 0.41680693513 2730 
186.35 1550 -0.0903370514249 0.41680693513 2730 
186.85 1550 0.00403814753759 0.448514001605 2711 
187.35 1550 0.0495593131164 0.483817964939 2701 
187.85 1550 0.134056919386 0.529220828831 2694 
188.35 1550 0.16483522497 0.622357489959 2688 
188.85 1550 0.15220924874 0.499358249279 2734 
189.35 1550 0.222184424854 0.643874487007 2732 
189.85 1550 0.265859288199 0.673002490597 2718 
190.35 1550 0.308496189727 0.739624712589 2714 
190.85 1550 0.322221951148 0.816481861806 2692 
191.1 1550 0.337578974681 0.671735434627 2720  
193.1 1550 0.337578974681 0.671735434627 2720 